Python 3.7.3 (default, Jan 22 2021, 20:04:44) 
[GCC 8.3.0] on linux
Type "help", "copyright", "credits" or "license()" for more information.
>>> 
======== RESTART: /home/team_92/Desktop/Examples/IMU/IMU_ReadPrint.py ========
(0,0)
(0,0), (-8.547, -19.65, -97.463)
(0,1)
(0,1), (-7.3, -20.186, -100.39)
(0,2)
(0,2), (0.356, 5.359, -102.284)
(1,0)
(1,0), (-26.708, 0.357, -147.055)
(1,1)
(1,1), (-33.83, -15.006, -47.526)
(1,2)
(1,2), (-39.528, 45.731, -55.103)
(1,3)
(1,3), (14.6, 6.788, -153.943)
(2,0)
(2,0), (24.927, -2.501, -191.137)
(2,1)
(2,1), (-38.459, 14.291, -182.527)
(2,2)
(2,2), (13.532, 10.718, -108.828)
(2,3)
(2,3), (9.081, 3.394, -109.689)
(3,0)
(3,0), (-0.712, -0.715, -113.649)
>>> 
